513 281 492 357
325 427 255 439
447 410 531 460
447 392 409 395
231 182 248 191
201 308 215 264
205 282 283 290
251 197 237 219
417 244 344 255
238 300 194 389
323 308 355 333
344 283 361 303
413 232 396 329
257 413 246 408
378 401 435 398
374 325 358 303
517 283 415 338
315 475 321 503
357 391 458 472
514 395 435 332
383 227 380 241
310 369 249 334
326 363 406 358
349 278 283 300
462 241 362 243
254 381 266 382
353 329 350 350
326 294 315 372
426 289 354 294
348 453 262 358
240 388 372 414
326 284 335 333
471 256 413 296
394 470 294 427
339 418 447 455
394 318 348 379
491 291 364 267
302 377 307 432
313 389 382 381
378 317 364 372
428 233 389 281
290 411 232 379
315 341 387 369
318 304 324 311
441 230 343 264
297 462 324 423
278 341 352 388
338 297 288 287
336 206 332 243
175 328 198 329
298 254 346 301
362 294 298 252
470 268 382 294
293 345 276 417
366 388 454 413
381 330 326 331
448 254 349 242
310 325 183 345
291 342 391 382
348 332 321 280
470 296 427 311
339 526 298 380
339 397 445 453
438 368 371 398
445 214 402 295
250 373 281 426
382 342 415 355
386 317 334 329
424 197 328 233
249 293 144 339
303 295 324 288
259 265 287 308
399 243 415 297
296 416 290 396
341 390 444 402
441 329 362 266
526 326 470 339
325 419 326 507
430 393 494 455
441 350 423 430
