365 460 408 369 
401 327 378 389 
385 321 422 404 
429 248 369 334 
361 391 420 333 
452 360 358 428 
460 383 438 420 
459 309 374 325 
326 391 384 297 
374 291 279 377 
376 315 377 411 
400 278 326 293 
190 280 330 165 
230 180 179 240 
270 270 275 236 
272 233 218 211 
408 449 497 407 
464 438 393 509 
501 350 510 472 
521 327 508 356 
323 425 441 294 
423 316 286 416 
384 308 434 390 
408 241 346 312 
316 336 371 199 
351 234 270 339 
407 271 383 351 
328 180 327 332 
295 394 417 298 
388 308 228 396 
348 263 391 326 
379 251 345 275 
300 426 362 279 
315 228 303 295 
330 270 361 353 
359 217 306 303 
286 359 358 262 
391 244 251 357 
345 294 325 312 
316 234 278 297 
310 372 463 197 
335 290 258 395 
415 297 421 397 
354 204 331 279 
349 417 412 372 
491 384 356 443 
487 336 499 420 
511 291 424 340 
248 310 372 254 
331 256 278 322 
376 283 367 270 
382 223 301 237 
331 357 333 322 
310 296 294 327 
338 292 300 344 
328 296 271 187 
470 528 467 475 
525 450 411 520 
489 377 501 506 
509 374 474 359 
381 492 479 342 
498 333 322 486 
474 373 454 477 
439 313 414 393 
120 270 211 252 
247 209 216 259 
220 149 278 246 
307 136 316 210 
303 355 344 296 
311 241 282 328 
333 254 352 315 
372 212 306 225 
219 313 296 230 
269 173 214 327 
362 286 317 361 
343 236 310 227 
288 356 419 306 
400 391 309 426 
372 286 415 345 
390 234 371 263 
